2,IC1807,5001¨¦??1807,200,0.2,1,0.3,0.3
2,IC1808,5001¨¦??1808,200,0.2,1,0.3,0.3
2,IC1809,5001¨¦??1809,200,0.2,1,0.3,0.3
2,IC1812,5001¨¦??1812,200,0.2,1,0.3,0.3
2,IF1807,1¨¦??1807,300,0.2,1,0.2,0.2
2,IF1808,1¨¦??1808,300,0.2,1,0.2,0.2
2,IF1809,1¨¦??1809,300,0.2,1,0.2,0.2
2,IF1812,1¨¦??1812,300,0.2,1,0.2,0.2
2,IH1807,501¨¦??1807,300,0.2,1,0.2,0.2
2,IH1808,501¨¦??1808,300,0.2,1,0.2,0.2
2,IH1809,501¨¦??1809,300,0.2,1,0.2,0.2
2,IH1812,501¨¦??1812,300,0.2,1,0.2,0.2
2,T1809,101¨²??1809,10000,0.005,1,0.02,0.02
2,T1812,101¨²??1812,10000,0.005,1,0.02,0.02
2,T1903,101¨²??1903,10000,0.005,1,0.02,0.02
2,TF1809,51¨²??1809,10000,0.005,1,0.012,0.012
2,TF1812,51¨²??1812,10000,0.005,1,0.012,0.012
2,TF1903,51¨²??1903,10000,0.005,1,0.012,0.012
3,a1807,?1¨°?1807,10,1,1,0.05,0.05
3,a1809,?1¨°?1809,10,1,1,0.05,0.05
3,a1811,?1¨°?1811,10,1,1,0.05,0.05
3,a1901,?1¨°?1901,10,1,1,0.05,0.05
3,a1903,?1¨°?1903,10,1,1,0.05,0.05
3,a1905,?1¨°?1905,10,1,1,0.05,0.05
3,a1907,?1¨°?1907,10,1,1,0.05,0.05
3,a1909,?1¨°?1909,10,1,1,0.05,0.05
3,a1911,?1¨°?1911,10,1,1,0.05,0.05
3,b1807,?1?t1807,10,1,1,0.05,0.05
3,b1809,?1?t1809,10,1,1,0.05,0.05
3,b1811,?1?t1811,10,1,1,0.05,0.05
3,b1901,?1?t1901,10,1,1,0.05,0.05
3,b1903,?1?t1903,10,1,1,0.05,0.05
3,b1905,?1?t1905,10,1,1,0.05,0.05
3,bb1807,?oo?¡ã?1807,500,0.05,1,0.2,0.2
3,bb1808,?oo?¡ã?1808,500,0.05,1,0.2,0.2
3,bb1809,?oo?¡ã?1809,500,0.05,1,0.2,0.2
3,bb1810,?oo?¡ã?1810,500,0.05,1,0.2,0.2
3,bb1811,?oo?¡ã?1811,500,0.05,1,0.2,0.2
3,bb1812,?oo?¡ã?1812,500,0.05,1,0.2,0.2
3,bb1901,?oo?¡ã?1901,500,0.05,1,0.2,0.2
3,bb1902,?oo?¡ã?1902,500,0.05,1,0.2,0.2
3,bb1903,?oo?¡ã?1903,500,0.05,1,0.2,0.2
3,bb1904,?oo?¡ã?1904,500,0.05,1,0.2,0.2
3,bb1905,?oo?¡ã?1905,500,0.05,1,0.2,0.2
3,bb1906,?oo?¡ã?1906,500,0.05,1,0.2,0.2
3,c1807,¨®??¡Á1807,10,1,1,0.05,0.05
3,c1809,¨®??¡Á1809,10,1,1,0.05,0.05
3,c1811,¨®??¡Á1811,10,1,1,0.05,0.05
3,c1901,¨®??¡Á1901,10,1,1,0.05,0.05
3,c1903,¨®??¡Á1903,10,1,1,0.05,0.05
3,c1905,¨®??¡Á1905,10,1,1,0.05,0.05
3,cs1807,¡§????¨¢|¨¬¡§a?¡è?1807,10,1,1,0.05,0.05
3,cs1809,¡§????¨¢|¨¬¡§a?¡è?1809,10,1,1,0.05,0.05
3,cs1811,¡§????¨¢|¨¬¡§a?¡è?1811,10,1,1,0.05,0.05
3,cs1901,¡§????¨¢|¨¬¡§a?¡è?1901,10,1,1,0.05,0.05
3,cs1903,¡§????¨¢|¨¬¡§a?¡è?1903,10,1,1,0.05,0.05
3,cs1905,¡§????¨¢|¨¬¡§a?¡è?1905,10,1,1,0.05,0.05
3,fb1807,????¡ã?1807,500,0.05,1,0.2,0.2
3,fb1808,????¡ã?1808,500,0.05,1,0.2,0.2
3,fb1809,????¡ã?1809,500,0.05,1,0.2,0.2
3,fb1810,????¡ã?1810,500,0.05,1,0.2,0.2
3,fb1811,????¡ã?1811,500,0.05,1,0.2,0.2
3,fb1812,????¡ã?1812,500,0.05,1,0.2,0.2
3,fb1901,????¡ã?1901,500,0.05,1,0.2,0.2
3,fb1902,????¡ã?1902,500,0.05,1,0.2,0.2
3,fb1903,????¡ã?1903,500,0.05,1,0.2,0.2
3,fb1904,????¡ã?1904,500,0.05,1,0.2,0.2
3,fb1905,????¡ã?1905,500,0.05,1,0.2,0.2
3,fb1906,????¡ã?1906,500,0.05,1,0.2,0.2
3,i1807,¡§?¡§2?¡§?¡§o?£¤1807,100,0.5,1,0.05,0.05
3,i1808,¡§?¡§2?¡§?¡§o?£¤1808,100,0.5,1,0.05,0.05
3,i1809,¡§?¡§2?¡§?¡§o?£¤1809,100,0.5,1,0.05,0.05
3,i1810,¡§?¡§2?¡§?¡§o?£¤1810,100,0.5,1,0.05,0.05
3,i1811,¡§?¡§2?¡§?¡§o?£¤1811,100,0.5,1,0.05,0.05
3,i1812,¡§?¡§2?¡§?¡§o?£¤1812,100,0.5,1,0.05,0.05
3,i1901,¡§?¡§2?¡§?¡§o?£¤1901,100,0.5,1,0.05,0.05
3,i1902,¡§?¡§2?¡§?¡§o?£¤1902,100,0.5,1,0.05,0.05
3,i1903,¡§?¡§2?¡§?¡§o?£¤1903,100,0.5,1,0.05,0.05
3,i1904,¡§?¡§2?¡§?¡§o?£¤1904,100,0.5,1,0.05,0.05
3,i1905,¡§?¡§2?¡§?¡§o?£¤1905,100,0.5,1,0.05,0.05
3,i1906,¡§?¡§2?¡§?¡§o?£¤1906,100,0.5,1,0.05,0.05
3,j1807,?1¨¬?1807,100,0.5,1,0.05,0.05
3,j1808,?1¨¬?1808,100,0.5,1,0.05,0.05
3,j1809,?1¨¬?1809,100,0.5,1,0.05,0.05
3,j1810,?1¨¬?1810,100,0.5,1,0.05,0.05
3,j1811,?1¨¬?1811,100,0.5,1,0.05,0.05
3,j1812,?1¨¬?1812,100,0.5,1,0.05,0.05
3,j1901,?1¨¬?1901,100,0.5,1,0.05,0.05
3,j1902,?1¨¬?1902,100,0.5,1,0.05,0.05
3,j1903,?1¨¬?1903,100,0.5,1,0.05,0.05
3,j1904,?1¨¬?1904,100,0.5,1,0.05,0.05
3,j1905,?1¨¬?1905,100,0.5,1,0.05,0.05
3,j1906,?1¨¬?1906,100,0.5,1,0.05,0.05
3,jd1807,?|¦Ì¡ã1807,10,1,1,0.08,0.08
3,jd1808,?|¦Ì¡ã1808,10,1,1,0.08,0.08
3,jd1809,?|¦Ì¡ã1809,10,1,1,0.08,0.08
3,jd1810,?|¦Ì¡ã1810,10,1,1,0.08,0.08
3,jd1811,?|¦Ì¡ã1811,10,1,1,0.08,0.08
3,jd1812,?|¦Ì¡ã1812,10,1,1,0.08,0.08
3,jd1901,?|¦Ì¡ã1901,10,1,1,0.08,0.08
3,jd1902,?|¦Ì¡ã1902,10,1,1,0.08,0.08
3,jd1903,?|¦Ì¡ã1903,10,1,1,0.08,0.08
3,jd1904,?|¦Ì¡ã1904,10,1,1,0.08,0.08
3,jd1905,?|¦Ì¡ã1905,10,1,1,0.08,0.08
3,jd1906,?|¦Ì¡ã1906,10,1,1,0.08,0.08
3,jm1807,?1?o1807,60,0.5,1,0.05,0.05
3,jm1808,?1?o1808,60,0.5,1,0.05,0.05
3,jm1809,?1?o1809,60,0.5,1,0.05,0.05
3,jm1810,?1?o1810,60,0.5,1,0.05,0.05
3,jm1811,?1?o1811,60,0.5,1,0.05,0.05
3,jm1812,?1?o1812,60,0.5,1,0.05,0.05
3,jm1901,?1?o1901,60,0.5,1,0.05,0.05
3,jm1902,?1?o1902,60,0.5,1,0.05,0.05
3,jm1903,?1?o1903,60,0.5,1,0.05,0.05
3,jm1904,?1?o1904,60,0.5,1,0.05,0.05
3,jm1905,?1?o1905,60,0.5,1,0.05,0.05
3,jm1906,?1?o1906,60,0.5,1,0.05,0.05
3,l1807,??¨°¨°??1807,5,5,1,0.05,0.05
3,l1808,??¨°¨°??1808,5,5,1,0.05,0.05
3,l1809,??¨°¨°??1809,5,5,1,0.05,0.05
3,l1810,??¨°¨°??1810,5,5,1,0.05,0.05
3,l1811,??¨°¨°??1811,5,5,1,0.05,0.05
3,l1812,??¨°¨°??1812,5,5,1,0.05,0.05
3,l1901,??¨°¨°??1901,5,5,1,0.05,0.05
3,l1902,??¨°¨°??1902,5,5,1,0.05,0.05
3,l1903,??¨°¨°??1903,5,5,1,0.05,0.05
3,l1904,??¨°¨°??1904,5,5,1,0.05,0.05
3,l1905,??¨°¨°??1905,5,5,1,0.05,0.05
3,l1906,??¨°¨°??1906,5,5,1,0.05,0.05
3,m1807,?1?¡§|1807,10,1,1,0.05,0.05
3,m1808,?1?¡§|1808,10,1,1,0.05,0.05
3,m1809,?1?¡§|1809,10,1,1,0.05,0.05
3,m1811,?1?¡§|1811,10,1,1,0.05,0.05
3,m1812,?1?¡§|1812,10,1,1,0.05,0.05
3,m1901,?1?¡§|1901,10,1,1,0.05,0.05
3,m1903,?1?¡§|1903,10,1,1,0.05,0.05
3,m1905,?1?¡§|1905,10,1,1,0.05,0.05
3,p1807,?¨¢?¡§||¨¬¡§?¡§a1807,10,2,1,0.05,0.05
3,p1808,?¨¢?¡§||¨¬¡§?¡§a1808,10,2,1,0.05,0.05
3,p1809,?¨¢?¡§||¨¬¡§?¡§a1809,10,2,1,0.05,0.05
3,p1810,?¨¢?¡§||¨¬¡§?¡§a1810,10,2,1,0.05,0.05
3,p1811,?¨¢?¡§||¨¬¡§?¡§a1811,10,2,1,0.05,0.05
3,p1812,?¨¢?¡§||¨¬¡§?¡§a1812,10,2,1,0.05,0.05
3,p1901,?¨¢?¡§||¨¬¡§?¡§a1901,10,2,1,0.05,0.05
3,p1902,?¨¢?¡§||¨¬¡§?¡§a1902,10,2,1,0.05,0.05
3,p1903,?¨¢?¡§||¨¬¡§?¡§a1903,10,2,1,0.05,0.05
3,p1904,?¨¢?¡§||¨¬¡§?¡§a1904,10,2,1,0.05,0.05
3,p1905,?¨¢?¡§||¨¬¡§?¡§a1905,10,2,1,0.05,0.05
3,p1906,?¨¢?¡§||¨¬¡§?¡§a1906,10,2,1,0.05,0.05
3,pp1807,???¨¤???1807,5,1,1,0.05,0.05
3,pp1808,???¨¤???1808,5,1,1,0.05,0.05
3,pp1809,???¨¤???1809,5,1,1,0.05,0.05
3,pp1810,???¨¤???1810,5,1,1,0.05,0.05
3,pp1811,???¨¤???1811,5,1,1,0.05,0.05
3,pp1812,???¨¤???1812,5,1,1,0.05,0.05
3,pp1901,???¨¤???1901,5,1,1,0.05,0.05
3,pp1902,???¨¤???1902,5,1,1,0.05,0.05
3,pp1903,???¨¤???1903,5,1,1,0.05,0.05
3,pp1904,???¨¤???1904,5,1,1,0.05,0.05
3,pp1905,???¨¤???1905,5,1,1,0.05,0.05
3,pp1906,???¨¤???1906,5,1,1,0.05,0.05
3,v1807,???¡§¡§¡§¡ã¡§¡ã??1807,5,5,1,0.05,0.05
3,v1808,???¡§¡§¡§¡ã¡§¡ã??1808,5,5,1,0.05,0.05
3,v1809,???¡§¡§¡§¡ã¡§¡ã??1809,5,5,1,0.05,0.05
3,v1810,???¡§¡§¡§¡ã¡§¡ã??1810,5,5,1,0.05,0.05
3,v1811,???¡§¡§¡§¡ã¡§¡ã??1811,5,5,1,0.05,0.05
3,v1812,???¡§¡§¡§¡ã¡§¡ã??1812,5,5,1,0.05,0.05
3,v1901,???¡§¡§¡§¡ã¡§¡ã??1901,5,5,1,0.05,0.05
3,v1902,???¡§¡§¡§¡ã¡§¡ã??1902,5,5,1,0.05,0.05
3,v1903,???¡§¡§¡§¡ã¡§¡ã??1903,5,5,1,0.05,0.05
3,v1904,???¡§¡§¡§¡ã¡§¡ã??1904,5,5,1,0.05,0.05
3,v1905,???¡§¡§¡§¡ã¡§¡ã??1905,5,5,1,0.05,0.05
3,v1906,???¡§¡§¡§¡ã¡§¡ã??1906,5,5,1,0.05,0.05
3,y1807,?1¡§?¡§a1807,10,2,1,0.05,0.05
3,y1808,?1¡§?¡§a1808,10,2,1,0.05,0.05
3,y1809,?1¡§?¡§a1809,10,2,1,0.05,0.05
3,y1811,?1¡§?¡§a1811,10,2,1,0.05,0.05
3,y1812,?1¡§?¡§a1812,10,2,1,0.05,0.05
3,y1901,?1¡§?¡§a1901,10,2,1,0.05,0.05
3,y1903,?1¡§?¡§a1903,10,2,1,0.05,0.05
3,y1905,?1¡§?¡§a1905,10,2,1,0.05,0.05
4,AP807,??1?807,10,1,1,0.07,0.07
4,AP810,??1?810,10,1,1,0.07,0.07
4,AP811,??1?811,10,1,1,0.07,0.07
4,AP812,??1?812,10,1,1,0.07,0.07
4,AP901,??1?901,10,1,1,0.07,0.07
4,AP903,??1?903,10,1,1,0.07,0.07
4,AP905,??1?905,10,1,1,0.07,0.07
4,CF807,?T?¡§807,5,5,1,0.05,0.05
4,CF809,?T?¡§809,5,5,1,0.05,0.05
4,CF811,?T?¡§811,5,5,1,0.05,0.05
4,CF901,?T?¡§901,5,5,1,0.05,0.05
4,CF903,?T?¡§903,5,5,1,0.05,0.05
4,CF905,?T?¡§905,5,5,1,0.05,0.05
4,CY807,?T¡§|??807,5,5,1,0.05,0.05
4,CY808,?T¡§|??808,5,5,1,0.05,0.05
4,CY809,?T¡§|??809,5,5,1,0.05,0.05
4,CY810,?T¡§|??810,5,5,1,0.05,0.05
4,CY811,?T¡§|??811,5,5,1,0.05,0.05
4,CY812,?T¡§|??812,5,5,1,0.05,0.05
4,CY901,?T¡§|??901,5,5,1,0.05,0.05
4,CY902,?T¡§|??902,5,5,1,0.05,0.05
4,CY903,?T¡§|??903,5,5,1,0.05,0.05
4,CY904,?T¡§|??904,5,5,1,0.05,0.05
4,CY905,?T¡§|??905,5,5,1,0.05,0.05
4,CY906,?T¡§|??906,5,5,1,0.05,0.05
4,FG807,2?¨º¡§¡é?¨¬807,20,1,1,0.05,0.05
4,FG808,2?¨º¡§¡é?¨¬808,20,1,1,0.05,0.05
4,FG809,2?¨º¡§¡é?¨¬809,20,1,1,0.05,0.05
4,FG810,2?¨º¡§¡é?¨¬810,20,1,1,0.05,0.05
4,FG811,2?¨º¡§¡é?¨¬811,20,1,1,0.05,0.05
4,FG812,2?¨º¡§¡é?¨¬812,20,1,1,0.05,0.05
4,FG901,2?¨º¡§¡é?¨¬901,20,1,1,0.05,0.05
4,FG902,2?¨º¡§¡é?¨¬902,20,1,1,0.05,0.05
4,FG903,2?¨º¡§¡é?¨¬903,20,1,1,0.05,0.05
4,FG904,2?¨º¡§¡é?¨¬904,20,1,1,0.05,0.05
4,FG905,2?¨º¡§¡é?¨¬905,20,1,1,0.05,0.05
4,FG906,2?¨º¡§¡é?¨¬906,20,1,1,0.05,0.05
4,JR807,??¦Ì?807,20,1,1,0.05,0.05
4,JR809,??¦Ì?809,20,1,1,0.05,0.05
4,JR811,??¦Ì?811,20,1,1,0.05,0.05
4,JR901,??¦Ì?901,20,1,1,0.05,0.05
4,JR903,??¦Ì?903,20,1,1,0.05,0.05
4,JR905,??¦Ì?905,20,1,1,0.05,0.05
4,LR807,¡§a¡§a?¡§?|¨¬?807,20,1,1,0.05,0.05
4,LR809,¡§a¡§a?¡§?|¨¬?809,20,1,1,0.05,0.05
4,LR811,¡§a¡§a?¡§?|¨¬?811,20,1,1,0.05,0.05
4,LR901,¡§a¡§a?¡§?|¨¬?901,20,1,1,0.05,0.05
4,LR903,¡§a¡§a?¡§?|¨¬?903,20,1,1,0.05,0.05
4,LR905,¡§a¡§a?¡§?|¨¬?905,20,1,1,0.05,0.05
4,MA807,??¨¢???MA807,10,1,1,0.07,0.07
4,MA808,??¨¢???MA808,10,1,1,0.07,0.07
4,MA809,??¨¢???MA809,10,1,1,0.07,0.07
4,MA810,??¨¢???MA810,10,1,1,0.07,0.07
4,MA811,??¨¢???MA811,10,1,1,0.07,0.07
4,MA812,??¨¢???MA812,10,1,1,0.07,0.07
4,MA901,??¨¢???MA901,10,1,1,0.07,0.07
4,MA902,??¨¢???MA902,10,1,1,0.07,0.07
4,MA903,??¨¢???MA903,10,1,1,0.07,0.07
4,MA904,??¨¢???MA904,10,1,1,0.07,0.07
4,MA905,??¨¢???MA905,10,1,1,0.07,0.07
4,MA906,??¨¢???MA906,10,1,1,0.07,0.07
4,OI807,2??¨¢?¡§?¡§a807,10,1,1,0.05,0.05
4,OI809,2??¨¢?¡§?¡§a809,10,1,1,0.05,0.05
4,OI811,2??¨¢?¡§?¡§a811,10,1,1,0.05,0.05
4,OI901,2??¨¢?¡§?¡§a901,10,1,1,0.05,0.05
4,OI903,2??¨¢?¡§?¡§a903,10,1,1,0.05,0.05
4,OI905,2??¨¢?¡§?¡§a905,10,1,1,0.05,0.05
4,PM807,???¨®807,50,1,1,0.05,0.05
4,PM809,???¨®809,50,1,1,0.05,0.05
4,PM811,???¨®811,50,1,1,0.05,0.05
4,PM901,???¨®901,50,1,1,0.05,0.05
4,PM903,???¨®903,50,1,1,0.05,0.05
4,PM905,???¨®905,50,1,1,0.05,0.05
4,RI807,???¡§?|¨¬?807,20,1,1,0.05,0.05
4,RI809,???¡§?|¨¬?809,20,1,1,0.05,0.05
4,RI811,???¡§?|¨¬?811,20,1,1,0.05,0.05
4,RI901,???¡§?|¨¬?901,20,1,1,0.05,0.05
4,RI903,???¡§?|¨¬?903,20,1,1,0.05,0.05
4,RI905,???¡§?|¨¬?905,20,1,1,0.05,0.05
4,RM807,2??¨¢??¡§|807,10,1,1,0.05,0.05
4,RM808,2??¨¢??¡§|808,10,1,1,0.05,0.05
4,RM809,2??¨¢??¡§|809,10,1,1,0.05,0.05
4,RM811,2??¨¢??¡§|811,10,1,1,0.05,0.05
4,RM901,2??¨¢??¡§|901,10,1,1,0.05,0.05
4,RM903,2??¨¢??¡§|903,10,1,1,0.05,0.05
4,RM905,2??¨¢??¡§|905,10,1,1,0.05,0.05
4,RS807,¡§?¡§a2??¨¢?807,10,1,1,0.05,0.05
4,RS808,¡§?¡§a2??¨¢?808,10,1,1,0.05,0.05
4,RS809,¡§?¡§a2??¨¢?809,10,1,1,0.05,0.05
4,RS811,¡§?¡§a2??¨¢?811,10,1,1,0.05,0.05
4,SF807,1¡§¡§¡§?¡§2807,5,2,1,0.05,0.05
4,SF808,1¡§¡§¡§?¡§2808,5,2,1,0.05,0.05
4,SF809,1¡§¡§¡§?¡§2809,5,2,1,0.05,0.05
4,SF810,1¡§¡§¡§?¡§2810,5,2,1,0.05,0.05
4,SF811,1¡§¡§¡§?¡§2811,5,2,1,0.05,0.05
4,SF812,1¡§¡§¡§?¡§2812,5,2,1,0.05,0.05
4,SF901,1¡§¡§¡§?¡§2901,5,2,1,0.05,0.05
4,SF902,1¡§¡§¡§?¡§2902,5,2,1,0.05,0.05
4,SF903,1¡§¡§¡§?¡§2903,5,2,1,0.05,0.05
4,SF904,1¡§¡§¡§?¡§2904,5,2,1,0.05,0.05
4,SF905,1¡§¡§¡§?¡§2905,5,2,1,0.05,0.05
4,SF906,1¡§¡§¡§?¡§2906,5,2,1,0.05,0.05
4,SM807,?¡§?1¡§¡§807,5,2,1,0.05,0.05
4,SM808,?¡§?1¡§¡§808,5,2,1,0.05,0.05
4,SM809,?¡§?1¡§¡§809,5,2,1,0.05,0.05
4,SM810,?¡§?1¡§¡§810,5,2,1,0.05,0.05
4,SM811,?¡§?1¡§¡§811,5,2,1,0.05,0.05
4,SM812,?¡§?1¡§¡§812,5,2,1,0.05,0.05
4,SM901,?¡§?1¡§¡§901,5,2,1,0.05,0.05
4,SM902,?¡§?1¡§¡§902,5,2,1,0.05,0.05
4,SM903,?¡§?1¡§¡§903,5,2,1,0.05,0.05
4,SM904,?¡§?1¡§¡§904,5,2,1,0.05,0.05
4,SM905,?¡§?1¡§¡§905,5,2,1,0.05,0.05
4,SM906,?¡§?1¡§¡§906,5,2,1,0.05,0.05
4,SR807,¡ã¡Á¨¬?807,10,1,1,0.05,0.05
4,SR809,¡ã¡Á¨¬?809,10,1,1,0.05,0.05
4,SR811,¡ã¡Á¨¬?811,10,1,1,0.05,0.05
4,SR901,¡ã¡Á¨¬?901,10,1,1,0.05,0.05
4,SR903,¡ã¡Á¨¬?903,10,1,1,0.05,0.05
4,SR905,¡ã¡Á¨¬?905,10,1,1,0.05,0.05
4,SR907,¡ã¡Á¨¬?907,10,1,1,0.05,0.05
4,SR909,¡ã¡Á¨¬?909,10,1,1,0.05,0.05
4,SR911,¡ã¡Á¨¬?911,10,1,1,0.05,0.05
4,TA807,PTA807,5,2,1,0.05,0.05
4,TA808,PTA808,5,2,1,0.05,0.05
4,TA809,PTA809,5,2,1,0.05,0.05
4,TA810,PTA810,5,2,1,0.05,0.05
4,TA811,PTA811,5,2,1,0.05,0.05
4,TA812,PTA812,5,2,1,0.05,0.05
4,TA901,PTA901,5,2,1,0.05,0.05
4,TA902,PTA902,5,2,1,0.05,0.05
4,TA903,PTA903,5,2,1,0.05,0.05
4,TA904,PTA904,5,2,1,0.05,0.05
4,TA905,PTA905,5,2,1,0.05,0.05
4,TA906,PTA906,5,2,1,0.05,0.05
4,WH807,???¨®807,20,1,1,0.05,0.05
4,WH809,???¨®809,20,1,1,0.05,0.05
4,WH811,???¨®811,20,1,1,0.05,0.05
4,WH901,???¨®901,20,1,1,0.05,0.05
4,WH903,???¨®903,20,1,1,0.05,0.05
4,WH905,???¨®905,20,1,1,0.05,0.05
4,ZC807,?¡¥¨¢|?o807,100,0.2,1,0.05,0.05
4,ZC808,?¡¥¨¢|?o808,100,0.2,1,0.05,0.05
4,ZC809,?¡¥¨¢|?o809,100,0.2,1,0.05,0.05
4,ZC810,?¡¥¨¢|?o810,100,0.2,1,0.05,0.05
4,ZC811,?¡¥¨¢|?o811,100,0.2,1,0.05,0.05
4,ZC812,?¡¥¨¢|?o812,100,0.2,1,0.05,0.05
4,ZC901,?¡¥¨¢|?o901,100,0.2,1,0.05,0.05
4,ZC902,?¡¥¨¢|?o902,100,0.2,1,0.05,0.05
4,ZC903,?¡¥¨¢|?o903,100,0.2,1,0.05,0.05
4,ZC904,?¡¥¨¢|?o904,100,0.2,1,0.05,0.05
4,ZC905,?¡¥¨¢|?o905,100,0.2,1,0.05,0.05
4,ZC906,?¡¥¨¢|?o906,100,0.2,1,0.05,0.05
5,ag1807,¡ã¡Á¨°?1807,15,1,1,0.08,0.08
5,ag1808,¡ã¡Á¨°?1808,15,1,1,0.08,0.08
5,ag1809,¡ã¡Á¨°?1809,15,1,1,0.08,0.08
5,ag1810,¡ã¡Á¨°?1810,15,1,1,0.08,0.08
5,ag1811,¡ã¡Á¨°?1811,15,1,1,0.08,0.08
5,ag1812,¡ã¡Á¨°?1812,15,1,1,0.08,0.08
5,ag1901,¡ã¡Á¨°?1901,15,1,1,0.08,0.08
5,ag1902,¡ã¡Á¨°?1902,15,1,1,0.08,0.08
5,ag1903,¡ã¡Á¨°?1903,15,1,1,0.08,0.08
5,ag1904,¡ã¡Á¨°?1904,15,1,1,0.08,0.08
5,ag1905,¡ã¡Á¨°?1905,15,1,1,0.08,0.08
5,ag1906,¡ã¡Á¨°?1906,15,1,1,0.08,0.08
5,al1807,?¨¢1807,5,5,1,0.1,0.1
5,al1808,?¨¢1808,5,5,1,0.1,0.1
5,al1809,?¨¢1809,5,5,1,0.1,0.1
5,al1810,?¨¢1810,5,5,1,0.1,0.1
5,al1811,?¨¢1811,5,5,1,0.1,0.1
5,al1812,?¨¢1812,5,5,1,0.1,0.1
5,al1901,?¨¢1901,5,5,1,0.1,0.1
5,al1902,?¨¢1902,5,5,1,0.1,0.1
5,al1903,?¨¢1903,5,5,1,0.1,0.1
5,al1904,?¨¢1904,5,5,1,0.1,0.1
5,al1905,?¨¢1905,5,5,1,0.1,0.1
5,al1906,?¨¢1906,5,5,1,0.1,0.1
5,au1807,???e1807,1000,0.05,1,0.08,0.08
5,au1808,???e1808,1000,0.05,1,0.08,0.08
5,au1809,???e1809,1000,0.05,1,0.08,0.08
5,au1810,???e1810,1000,0.05,1,0.08,0.08
5,au1812,???e1812,1000,0.05,1,0.08,0.08
5,au1902,???e1902,1000,0.05,1,0.08,0.08
5,au1904,???e1904,1000,0.05,1,0.08,0.08
5,au1906,???e1906,1000,0.05,1,0.08,0.08
5,bu1807,¨¢¡è?¨¤1807,10,2,1,0.1,0.1
5,bu1808,¨¢¡è?¨¤1808,10,2,1,0.1,0.1
5,bu1809,¨¢¡è?¨¤1809,10,2,1,0.1,0.1
5,bu1810,¨¢¡è?¨¤1810,10,2,1,0.1,0.1
5,bu1811,¨¢¡è?¨¤1811,10,2,1,0.1,0.1
5,bu1812,¨¢¡è?¨¤1812,10,2,1,0.1,0.1
5,bu1903,¨¢¡è?¨¤1903,10,2,1,0.1,0.1
5,bu1906,¨¢¡è?¨¤1906,10,2,1,0.1,0.1
5,bu1909,¨¢¡è?¨¤1909,10,2,1,0.1,0.1
5,bu1912,¨¢¡è?¨¤1912,10,2,1,0.1,0.1
5,bu2003,¨¢¡è?¨¤2003,10,2,1,0.1,0.1
5,bu2006,¨¢¡è?¨¤2006,10,2,1,0.1,0.1
5,cu1807,¨ª-1807,5,10,1,0.09,0.09
5,cu1808,¨ª-1808,5,10,1,0.09,0.09
5,cu1809,¨ª-1809,5,10,1,0.09,0.09
5,cu1810,¨ª-1810,5,10,1,0.09,0.09
5,cu1811,¨ª-1811,5,10,1,0.09,0.09
5,cu1812,¨ª-1812,5,10,1,0.09,0.09
5,cu1901,¨ª-1901,5,10,1,0.09,0.09
5,cu1902,¨ª-1902,5,10,1,0.09,0.09
5,cu1903,¨ª-1903,5,10,1,0.09,0.09
5,cu1904,¨ª-1904,5,10,1,0.09,0.09
5,cu1905,¨ª-1905,5,10,1,0.09,0.09
5,cu1906,¨ª-1906,5,10,1,0.09,0.09
5,fu1808,¨¨?¨®¨ª1808,50,1,1,0.2,0.2
5,fu1809,¨¨?¨®¨ª1809,50,1,1,0.2,0.2
5,fu1810,¨¨?¨®¨ª1810,50,1,1,0.2,0.2
5,fu1811,¨¨?¨®¨ª1811,50,1,1,0.2,0.2
5,fu1812,¨¨?¨®¨ª1812,50,1,1,0.2,0.2
5,fu1901,¨¨?¨®¨ª1901,50,1,1,0.2,0.2
5,fu1902,¨¨?¨®¨ª1902,50,1,1,0.2,0.2
5,fu1903,¨¨?¨®¨ª1903,50,1,1,0.2,0.2
5,fu1904,¨¨?¨®¨ª1904,50,1,1,0.2,0.2
5,fu1905,¨¨?¨®¨ª1905,50,1,1,0.2,0.2
5,fu1906,¨¨?¨®¨ª1906,50,1,1,0.2,0.2
5,fu1907,¨¨?¨®¨ª1907,50,1,1,0,0
5,hc1807,¨¨¨¨?t?¨ª¡ã?1807,10,1,1,0.1,0.1
5,hc1808,¨¨¨¨?t?¨ª¡ã?1808,10,1,1,0.1,0.1
5,hc1809,¨¨¨¨?t?¨ª¡ã?1809,10,1,1,0.1,0.1
5,hc1810,¨¨¨¨?t?¨ª¡ã?1810,10,1,1,0.1,0.1
5,hc1811,¨¨¨¨?t?¨ª¡ã?1811,10,1,1,0.1,0.1
5,hc1812,¨¨¨¨?t?¨ª¡ã?1812,10,1,1,0.1,0.1
5,hc1901,¨¨¨¨?t?¨ª¡ã?1901,10,1,1,0.1,0.1
5,hc1902,¨¨¨¨?t?¨ª¡ã?1902,10,1,1,0.1,0.1
5,hc1903,¨¨¨¨?t?¨ª¡ã?1903,10,1,1,0.1,0.1
5,hc1904,¨¨¨¨?t?¨ª¡ã?1904,10,1,1,0.1,0.1
5,hc1905,¨¨¨¨?t?¨ª¡ã?1905,10,1,1,0.1,0.1
5,hc1906,¨¨¨¨?t?¨ª¡ã?1906,10,1,1,0.1,0.1
5,ni1807,??1807,1,10,1,0.1,0.1
5,ni1808,??1808,1,10,1,0.1,0.1
5,ni1809,??1809,1,10,1,0.1,0.1
5,ni1810,??1810,1,10,1,0.1,0.1
5,ni1811,??1811,1,10,1,0.1,0.1
5,ni1812,??1812,1,10,1,0.1,0.1
5,ni1901,??1901,1,10,1,0.1,0.1
5,ni1902,??1902,1,10,1,0.1,0.1
5,ni1903,??1903,1,10,1,0.1,0.1
5,ni1904,??1904,1,10,1,0.1,0.1
5,ni1905,??1905,1,10,1,0.1,0.1
5,ni1906,??1906,1,10,1,0.1,0.1
5,pb1807,?|1807,5,5,1,0.1,0.1
5,pb1808,?|1808,5,5,1,0.1,0.1
5,pb1809,?|1809,5,5,1,0.1,0.1
5,pb1810,?|1810,5,5,1,0.1,0.1
5,pb1811,?|1811,5,5,1,0.1,0.1
5,pb1812,?|1812,5,5,1,0.1,0.1
5,pb1901,?|1901,5,5,1,0.1,0.1
5,pb1902,?|1902,5,5,1,0.1,0.1
5,pb1903,?|1903,5,5,1,0.1,0.1
5,pb1904,?|1904,5,5,1,0.1,0.1
5,pb1905,?|1905,5,5,1,0.1,0.1
5,pb1906,?|1906,5,5,1,0.1,0.1
5,rb1807,?Y????1807,10,1,1,0.1,0.1
5,rb1808,?Y????1808,10,1,1,0.1,0.1
5,rb1809,?Y????1809,10,1,1,0.1,0.1
5,rb1810,?Y????1810,10,1,1,0.1,0.1
5,rb1811,?Y????1811,10,1,1,0.1,0.1
5,rb1812,?Y????1812,10,1,1,0.1,0.1
5,rb1901,?Y????1901,10,1,1,0.1,0.1
5,rb1902,?Y????1902,10,1,1,0.1,0.1
5,rb1903,?Y????1903,10,1,1,0.1,0.1
5,rb1904,?Y????1904,10,1,1,0.1,0.1
5,rb1905,?Y????1905,10,1,1,0.1,0.1
5,rb1906,?Y????1906,10,1,1,0.1,0.1
5,ru1807,?e?o1807,10,5,1,0.1,0.1
5,ru1808,?e?o1808,10,5,1,0.1,0.1
5,ru1809,?e?o1809,10,5,1,0.1,0.1
5,ru1810,?e?o1810,10,5,1,0.1,0.1
5,ru1811,?e?o1811,10,5,1,0.1,0.1
5,ru1901,?e?o1901,10,5,1,0.1,0.1
5,ru1903,?e?o1903,10,5,1,0.1,0.1
5,ru1904,?e?o1904,10,5,1,0.1,0.1
5,ru1905,?e?o1905,10,5,1,0.1,0.1
5,ru1906,?e?o1906,10,5,1,0.1,0.1
5,sn1807,?y1807,1,10,1,0.09,0.09
5,sn1808,?y1808,1,10,1,0.09,0.09
5,sn1809,?y1809,1,10,1,0.09,0.09
5,sn1810,?y1810,1,10,1,0.09,0.09
5,sn1811,?y1811,1,10,1,0.09,0.09
5,sn1812,?y1812,1,10,1,0.09,0.09
5,sn1901,?y1901,1,10,1,0.09,0.09
5,sn1902,?y1902,1,10,1,0.09,0.09
5,sn1903,?y1903,1,10,1,0.09,0.09
5,sn1904,?y1904,1,10,1,0.09,0.09
5,sn1905,?y1905,1,10,1,0.09,0.09
5,sn1906,?y1906,1,10,1,0.09,0.09
5,wr1807,??2?1807,10,1,1,0.2,0.2
5,wr1808,??2?1808,10,1,1,0.2,0.2
5,wr1809,??2?1809,10,1,1,0.2,0.2
5,wr1810,??2?1810,10,1,1,0.2,0.2
5,wr1811,??2?1811,10,1,1,0.2,0.2
5,wr1812,??2?1812,10,1,1,0.2,0.2
5,wr1901,??2?1901,10,1,1,0.2,0.2
5,wr1902,??2?1902,10,1,1,0.2,0.2
5,wr1903,??2?1903,10,1,1,0.2,0.2
5,wr1904,??2?1904,10,1,1,0.2,0.2
5,wr1905,??2?1905,10,1,1,0.2,0.2
5,wr1906,??2?1906,10,1,1,0.2,0.2
5,zn1807,D?1807,5,5,1,0.1,0.1
5,zn1808,D?1808,5,5,1,0.1,0.1
5,zn1809,D?1809,5,5,1,0.1,0.1
5,zn1810,D?1810,5,5,1,0.1,0.1
5,zn1811,D?1811,5,5,1,0.1,0.1
5,zn1812,D?1812,5,5,1,0.1,0.1
5,zn1901,D?1901,5,5,1,0.1,0.1
5,zn1902,D?1902,5,5,1,0.1,0.1
5,zn1903,D?1903,5,5,1,0.1,0.1
5,zn1904,D?1904,5,5,1,0.1,0.1
5,zn1905,D?1905,5,5,1,0.1,0.1
5,zn1906,D?1906,5,5,1,0.1,0.1
